Maze zones per line : 3
                                                  1111111111111111111111111111111111111111111111111122222222222222222222222222222222222222222222222222
                                                  1111111111111111111111111111111111111111111111111122222222222222222222222222222222222222222222222222
                                                  1111111111111111111111111111111111111111111111111122222222222222222222222222222222222222222222222222
                                                  1111111111111111111111111111111111111111111111111122222222222222222222222222222222222222222222222222
                                                  1111111111111111111111111111111111111111111111111122222222222222222222222222222222222222222222222222
                                                  1111111111111111111111111111111111111111111111111122222222222222222222222222222222222222222222222222
                                                  1111111111111111111111111111111111111111111111111122222222222222222222222222222222222222222222222222
                                                  1111111111111111111111111111111111111111111111111122222222222222222222222222222222222222222222222222
                                                  1111111111111111111111111111111111111111111111111122222222222222222222222222222222222222222222222222
                                                  1111111111111111111111111111111111111111111111111122222222222222222222222222222222222222222222222222
                                                  1111111111111111111111111111111111111111111111111122222222222222222222222222222222222222222222222222
                                                  1111111111111111111111111111111111111111111111111122222222222222222222222222222222222222222222222222
                                                  1111111111111111111111111111111111111111111111111122222222222222222222222222222222222222222222222222
                                                  1111111111111111111111111111111111111111111111111122222222222222222222222222222222222222222222222222
                                                  1111111111111111111111111111111111111111111111111122222222222222222222222222222222222222222222222222
                                                  1111111111111111111111111111111111111111111111111122222222222222222222222222222222222222222222222222
                                                  1111111111111111111111111111111111111111111111111122222222222222222222222222222222222222222222222222
                                                  1111111111111111111111111111111111111111111111111122222222222222222222222222222222222222222222222222
                                                  1111111111111111111111111111111111111111111111111122222222222222222222222222222222222222222222222222
                                                  1111111111111111111111111111111111111111111111111122222222222222222222222222222222222222222222222222
                                                  1111111111111111111111111111111111111111111111111122222222222222222222222222222222222222222222222222
                                                  1111111111111111111111111111111111111111111111111122222222222222222222222222222222222222222222222222
                                                  1111111111111111111111111111111111111111111111111122222222222222222222222222222222222222222222222222
                                                  1111111111111111111111111111111111111111111111111122222222222222222222222222222222222222222222222222
                                                  1111111111111111111111111111111111111111111111111122222222222222222222222222222222222222222222222222
                                                  1111111111111111111111111111111111111111111111111122222222222222222222222222222222222222222222222222
                                                  1111111111111111111111111111111111111111111111111122222222222222222222222222222222222222222222222222
                                                  1111111111111111111111111111111111111111111111111122222222222222222222222222222222222222222222222222
                                                  1111111111111111111111111111111111111111111111111122222222222222222222222222222222222222222222222222
                                                  1111111111111111111111111111111111111111111111111122222222222222222222222222222222222222222222222222
                                                  1111111111111111111111111111111111111111111111111122222222222222222222222222222222222222222222222222
                                                  1111111111111111111111111111111111111111111111111122222222222222222222222222222222222222222222222222
                                                  1111111111111111111111111111111111111111111111111122222222222222222222222222222222222222222222222222
                                                  1111111111111111111111111111111111111111111111111122222222222222222222222222222222222222222222222222
                                                  1111111111111111111111111111111111111111111111111122222222222222222222222222222222222222222222222222
                                                  1111111111111111111111111111111111111111111111111122222222222222222222222222222222222222222222222222
                                                  1111111111111111111111111111111111111111111111111122222222222222222222222222222222222222222222222222
                                                  1111111111111111111111111111111111111111111111111122222222222222222222222222222222222222222222222222
                                                  1111111111111111111111111111111111111111111111111122222222222222222222222222222222222222222222222222
                                                  1111111111111111111111111111111111111111111111111122222222222222222222222222222222222222222222222222
                                                  1111111111111111111111111111111111111111111111111122222222222222222222222222222222222222222222222222
                                                  1111111111111111111111111111111111111111111111111122222222222222222222222222222222222222222222222222
                                                  1111111111111111111111111111111111111111111111111122222222222222222222222222222222222222222222222222
                                                  1111111111111111111111111111111111111111111111111122222222222222222222222222222222222222222222222222
                                                  1111111111111111111111111111111111111111111111111122222222222222222222222222222222222222222222222222
                                                  1111111111111111111111111111111111111111111111111122222222222222222222222222222222222222222222222222
                                                  1111111111111111111111111111111111111111111111111122222222222222222222222222222222222222222222222222
                                                  1111111111111111111111111111111111111111111111111122222222222222222222222222222222222222222222222222
                                                  1111111111111111111111111111111111111111111111111122222222222222222222222222222222222222222222222222
                                                  1111111111111111111111111111111111111111111111111122222222222222222222222222222222222222222222222222
                                                  44444444444444444444444444444444444444444444444444                                                  
                                                  44444444444444444444444444444444444444444444444444                                                  
                                                  44444444444444444444444444444444444444444444444444                                                  
                                                  44444444444444444444444444444444444444444444444444                                                  
                                                  44444444444444444444444444444444444444444444444444                                                  
                                                  44444444444444444444444444444444444444444444444444                                                  
                                                  44444444444444444444444444444444444444444444444444                                                  
                                                  44444444444444444444444444444444444444444444444444                                                  
                                                  44444444444444444444444444444444444444444444444444                                                  
                                                  44444444444444444444444444444444444444444444444444                                                  
                                                  44444444444444444444444444444444444444444444444444                                                  
                                                  44444444444444444444444444444444444444444444444444                                                  
                                                  44444444444444444444444444444444444444444444444444                                                  
                                                  44444444444444444444444444444444444444444444444444                                                  
                                                  44444444444444444444444444444444444444444444444444                                                  
                                                  44444444444444444444444444444444444444444444444444                                                  
                                                  44444444444444444444444444444444444444444444444444                                                  
                                                  44444444444444444444444444444444444444444444444444                                                  
                                                  44444444444444444444444444444444444444444444444444                                                  
                                                  44444444444444444444444444444444444444444444444444                                                  
                                                  44444444444444444444444444444444444444444444444444                                                  
                                                  44444444444444444444444444444444444444444444444444                                                  
                                                  44444444444444444444444444444444444444444444444444                                                  
                                                  44444444444444444444444444444444444444444444444444                                                  
                                                  44444444444444444444444444444444444444444444444444                                                  
   99                                               44444444444444444444444444444444444444444444444444                                                  
                                                  44444444444444444444444444444444444444444444444444                                                  
                                                  44444444444444444444444444444444444444444444444444                                                  
                                                  44444444444444444444444444444444444444444444444444                                                  
                                                  44444444444444444444444444444444444444444444444444                                                  
                                                  44444444444444444444444444444444444444444444444444                                                  
                                                  44444444444444444444444444444444444444444444444444                                                  
                                                  44444444444444444444444444444444444444444444444444                                                  
                                                  44444444444444444444444444444444444444444444444444                                                  
                                                  44444444444444444444444444444444444444444444444444                                                  
                                                  44444444444444444444444444444444444444444444444444                                                  
                                                  44444444444444444444444444444444444444444444444444                                                  
                                                  44444444444444444444444444444444444444444444444444                                                  
                                                  44444444444444444444444444444444444444444444444444                                                  
                                                  44444444444444444444444444444444444444444444444444                                                  
                                                  44444444444444444444444444444444444444444444444444                                                  
                                                  44444444444444444444444444444444444444444444444444                                                  
                                                  44444444444444444444444444444444444444444444444444                                                  
                                                  44444444444444444444444444444444444444444444444444                                                  
                                                  44444444444444444444444444444444444444444444444444                                                  
                                                  44444444444444444444444444444444444444444444444444                                                  
                                                  44444444444444444444444444444444444444444444444444                                                  
                                                  44444444444444444444444444444444444444444444444444                                                  
                                                  44444444444444444444444444444444444444444444444444                                                  
                                                  44444444444444444444444444444444444444444444444444                                                  
6666666666666666666666666666666666666666666666666677777777777777777777777777777777777777777777777777                                                  
6666666666666666666666666666666666666666666666666677777777777777777777777777777777777777777777777777                                                  
6666666666666666666666666666666666666666666666666677777777777777777777777777777777777777777777777777                                                  
6666666666666666666666666666666666666666666666666677777777777777777777777777777777777777777777777777                                                  
6666666666666666666666666666666666666666666666666677777777777777777777777777777777777777777777777777                                                  
6666666666666666666666666666666666666666666666666677777777777777777777777777777777777777777777777777                                                  
6666666666666666666666666666666666666666666666666677777777777777777777777777777777777777777777777777                                                  
6666666666666666666666666666666666666666666666666677777777777777777777777777777777777777777777777777                                                  
6666666666666666666666666666666666666666666666666677777777777777777777777777777777777777777777777777                                                  
6666666666666666666666666666666666666666666666666677777777777777777777777777777777777777777777777777                                                  
6666666666666666666666666666666666666666666666666677777777777777777777777777777777777777777777777777                                                  
6666666666666666666666666666666666666666666666666677777777777777777777777777777777777777777777777777                                                  
6666666666666666666666666666666666666666666666666677777777777777777777777777777777777777777777777777                                                  
6666666666666666666666666666666666666666666666666677777777777777777777777777777777777777777777777777                                                  
6666666666666666666666666666666666666666666666666677777777777777777777777777777777777777777777777777                                                  
6666666666666666666666666666666666666666666666666677777777777777777777777777777777777777777777777777                                                  
6666666666666666666666666666666666666666666666666677777777777777777777777777777777777777777777777777                                                  
6666666666666666666666666666666666666666666666666677777777777777777777777777777777777777777777777777                                                  
6666666666666666666666666666666666666666666666666677777777777777777777777777777777777777777777777777                                                  
6666666666666666666666666666666666666666666666666677777777777777777777777777777777777777777777777777                                                  
6666666666666666666666666666666666666666666666666677777777777777777777777777777777777777777777777777                                                  
6666666666666666666666666666666666666666666666666677777777777777777777777777777777777777777777777777                                                  
6666666666666666666666666666666666666666666666666677777777777777777777777777777777777777777777777777                                                  
6666666666666666666666666666666666666666666666666677777777777777777777777777777777777777777777777777                                                  
6666666666666666666666666666666666666666666666666677777777777777777777777777777777777777777777777777                                                  
6666666666666666666666666666666666666666666666666677777777777777777777777777777777777777777777777777                                                  
6666666666666666666666666666666666666666666666666677777777777777777777777777777777777777777777777777                                                  
6666666666666666666666666666666666666666666666666677777777777777777777777777777777777777777777777777                                                  
6666666666666666666666666666666666666666666666666677777777777777777777777777777777777777777777777777                                                  
6666666666666666666666666666666666666666666666666677777777777777777777777777777777777777777777777777                                                  
6666666666666666666666666666666666666666666666666677777777777777777777777777777777777777777777777777                                                  
6666666666666666666666666666666666666666666666666677777777777777777777777777777777777777777777777777                                                  
6666666666666666666666666666666666666666666666666677777777777777777777777777777777777777777777777777                                                  
6666666666666666666666666666666666666666666666666677777777777777777777777777777777777777777777777777                                                  
6666666666666666666666666666666666666666666666666677777777777777777777777777777777777777777777777777                                                  
6666666666666666666666666666666666666666666666666677777777777777777777777777777777777777777777777777                                                  
6666666666666666666666666666666666666666666666666677777777777777777777777777777777777777777777777777                                                  
6666666666666666666666666666666666666666666666666677777777777777777777777777777777777777777777777777                                                  
6666666666666666666666666666666666666666666666666677777777777777777777777777777777777777777777777777                                                  
6666666666666666666666666666666666666666666666666677777777777777777777777777777777777777777777777777                                                  
6666666666666666666666666666666666666666666666666677777777777777777777777777777777777777777777777777                                                  
6666666666666666666666666666666666666666666666666677777777777777777777777777777777777777777777777777                                                  
6666666666666666666666666666666666666666666666666677777777777777777777777777777777777777777777777777                                                  
6666666666666666666666666666666666666666666666666677777777777777777777777777777777777777777777777777                                                  
6666666666666666666666666666666666666666666666666677777777777777777777777777777777777777777777777777                                                  
6666666666666666666666666666666666666666666666666677777777777777777777777777777777777777777777777777                                                  
6666666666666666666666666666666666666666666666666677777777777777777777777777777777777777777777777777                                                  
6666666666666666666666666666666666666666666666666677777777777777777777777777777777777777777777777777                                                  
6666666666666666666666666666666666666666666666666677777777777777777777777777777777777777777777777777                                                  
6666666666666666666666666666666666666666666666666677777777777777777777777777777777777777777777777777                                                  
99999999999999999999999999999999999999999999999999                                                                                                    
99999999999999999999999999999999999999999999999999                                                                                                    
99999999999999999999999999999999999999999999999999                                                                                                    
99999999999999999999999999999999999999999999999999                                                                                                    
99999999999999999999999999999999999999999999999999                                                                                                    
99999999999999999999999999999999999999999999999999                                                                                                    
99999999999999999999999999999999999999999999999999                                                                                                    
99999999999999999999999999999999999999999999999999                                                                                                    
99999999999999999999999999999999999999999999999999                                                                                                    
99999999999999999999999999999999999999999999999999                                                                                                    
99999999999999999999999999999999999999999999999999                                                                                                    
99999999999999999999999999999999999999999999999999                                                                                                    
99999999999999999999999999999999999999999999999999                                                                                                    
99999999999999999999999999999999999999999999999999                                                                                                    
99999999999999999999999999999999999999999999999999                                                                                                    
99999999999999999999999999999999999999999999999999                                                                                                    
99999999999999999999999999999999999999999999999999                                                                                                    
99999999999999999999999999999999999999999999999999                                                                                                    
99999999999999999999999999999999999999999999999999                                                                                                    
99999999999999999999999999999999999999999999999999                                                                                                    
99999999999999999999999999999999999999999999999999                                                                                                    
99999999999999999999999999999999999999999999999999                                                                                                    
99999999999999999999999999999999999999999999999999                                                                                                    
99999999999999999999999999999999999999999999999999                                                                                                    
99999999999999999999999999999999999999999999999999                                                                                                    
99999999999999999999999999999999999999999999999999                                                                                                    
99999999999999999999999999999999999999999999999999                                                                                                    
99999999999999999999999999999999999999999999999999                                                                                                    
99999999999999999999999999999999999999999999999999                                                                                                    
99999999999999999999999999999999999999999999999999                                                                                                    
99999999999999999999999999999999999999999999999999                                                                                                    
99999999999999999999999999999999999999999999999999                                                                                                    
99999999999999999999999999999999999999999999999999                                                                                                    
99999999999999999999999999999999999999999999999999                                                                                                    
99999999999999999999999999999999999999999999999999                                                                                                    
99999999999999999999999999999999999999999999999999                                                                                                    
99999999999999999999999999999999999999999999999999                                                                                                    
99999999999999999999999999999999999999999999999999                                                                                                    
99999999999999999999999999999999999999999999999999                                                                                                    
99999999999999999999999999999999999999999999999999                                                                                                    
99999999999999999999999999999999999999999999999999                                                                                                    
99999999999999999999999999999999999999999999999999                                                                                                    
99999999999999999999999999999999999999999999999999                                                                                                    
99999999999999999999999999999999999999999999999999                                                                                                    
99999999999999999999999999999999999999999999999999                                                                                                    
99999999999999999999999999999999999999999999999999                                                                                                    
99999999999999999999999999999999999999999999999999                                                                                                    
99999999999999999999999999999999999999999999999999                                                                                                    
99999999999999999999999999999999999999999999999999                                                                                                    
99999999999999999999999999999999999999999999999999                                                                                                    




 12             - 1-50
 4              - 51-100
67              - 101-150
9               - 151-200
